
const coordinates=[[0,0,0,3.2430810928344727,0.0025000572204589844,1.7860271453857],//Alm
                   [0,0,0,7.5,0.008749961853027344,6.844221115112305],//Capital Assessment
                [0,0,-Math.PI/2,4.522192859649658,0.008749961853027344,-3.8546226024627686 ],//Credit Rating Engine
                [0,0,0,3.122192859649658,0.008749961853027344,-3.1],//Derivator
                [0,0,0,3.2,0,1.85],//emp1
                [0,0,-Math.PI/2,3.6,0,-3.67],//emp2
                [Math.PI,0,0,7.8,-1.0,6.8],//emp3
                [0,0,-Math.PI/2,3.7,0,-3.75],//emp4
                [0,0,-Math.PI/2,3.5622192859649658,0.008749961853027344,1.25],//icaap
                [0,0,-Math.PI/2,3.5,0.008749961853027344,-3.8],//ifrs9
                [0,0,0,3.02192859649658,0.008749961853027344,-3.5],//provision
                [0,0,0,2.902192859649658,0.008749961853027344,-3.1],//riskstudio 
                [0,0,-Math.PI/2,3.65192859649658,0.008749961853027344,6.3],//riskcube data model
                [0,0,-Math.PI/2,3.72192859649658,0.008749961853027344,1.2],//stress testing
                [0,0,Math.PI,9.702192859649658,0.008749961853027344,7.]//user management
    ]